7.1785630 -50.812015 -18.037868 ellipsoid -s wire -c 1 -r 28.002974,10.148728,16.530662 -n 36,19 0.31722231 -0.94192482 0.11021631 -0.86638985 -0.33510529 -0.37023382 0.38566649 0.021956133 -0.92237698 # CAR
-6.0404155 -5.0777856 84.910574 ellipsoid -s wire -c 1 -r 7.0232815,5.1547004,5.0440798 -n 36,19 0.032390939 0.065617898 -0.99731897 -0.74440775 -0.66426588 -0.067881790 -0.66693922 0.74461072 0.027330276 # CBER
-25.914760 -25.914112 -21.367776 ellipsoid -s wire -c 1 -r 39.793736,15.317083,24.229249 -n 36,19 0.072321075 -0.84748786 -0.52586499 -0.82299602 0.24713540 -0.51147007 0.56342453 0.46977487 -0.67960604 # COL
130.35908 -0.21885602 -41.726269 ellipsoid -s wire -c 1 -r 6.9041992,2.3072294,0.87041507 -n 36,19 0.88644217 0.080637927 -0.45576069 -0.45977435 0.26655365 -0.84708719 0.053177320 0.96044088 0.27335964 # CRA
49.772995 -84.493941 -25.511968 ellipsoid -s wire -c 1 -r 7.0178275,2.0374758,5.7375541 -n 36,19 0.42390199 -0.71050051 -0.56169041 -0.84450109 -0.53417806 0.038362932 -0.32729958 0.45808604 -0.82645760 # EPSC
33.434355 -80.827145 -34.582246 ellipsoid -s wire -c 1 -r 1.6173961,0.72596599,0.70346326 -n 36,19 0.36782450 -0.82713706 -0.42491107 -0.71836634 0.037400713 -0.69465890 0.59047010 0.56075437 -0.58043052 # ETAC
-38.545519 0.82438269 -15.751196 ellipsoid -s wire -c 1 -r 11.793237,6.3867937,4.5183938 -n 36,19 0.96523470 0.25415044 0.061069911 -0.25344505 0.96715999 -0.019161303 -0.063934228 0.0030172877 0.99794955 # HYA
1.8813896 -148.09074 -18.009722 ellipsoid -s wire -c 1 -r 9.9566950,1.7991053,2.2707299 -n 36,19 0.050567152 -0.99792208 -0.039930891 0.89524129 0.027568703 0.44472800 -0.44270305 -0.058236411 0.89477513 # IC2391
47.435685 -137.55938 -12.553913 ellipsoid -s wire -c 1 -r 8.4981819,2.4734745,0.97137681 -n 36,19 0.057395262 -0.98866333 -0.13874653 -0.91212835 -0.10842811 0.39530396 -0.40586656 0.10386607 -0.90801111 # IC2602
54.334882 -94.198491 5.7956985 ellipsoid -s wire -c 1 -r 26.119662,12.422289,18.249415 -n 36,19 0.59860361 -0.38425990 0.70286417 -0.80093407 -0.27248188 0.53315873 -0.013353767 -0.88209861 -0.47087548 # LCC
4.0311201 -96.749884 -59.733891 ellipsoid -s wire -c 1 -r 125.53011,27.777889,12.145618 -n 36,19 0.97009671 0.24077255 -0.030674853 -0.24189432 0.94864257 -0.20387351 -0.019987675 0.20519710 0.97851655 # OCT
10.576895 -124.41017 -13.858750 ellipsoid -s wire -c 1 -r 19.779729,9.9446264,2.3316592 -n 36,19 0.42034848 -0.88105192 -0.21692087 -0.70648995 -0.46781493 0.53105663 -0.56936729 -0.069976436 -0.81909962 # PL8
-118.89623 28.512954 -54.404052 ellipsoid -s wire -c 1 -r 13.336057,4.0898029,4.8818547 -n 36,19 0.89091700 -0.20240880 0.40656805 0.43286628 0.10750154 -0.89502525 0.13745429 0.97338281 0.18339089 # PLE
-116.33304 6.8269837 -35.924548 ellipsoid -s wire -c 1 -r 18.189524,16.885908,15.016410 -n 36,19 0.92144552 0.26887227 -0.28043869 -0.34898600 0.89003007 -0.29335175 0.17072472 0.36817683 0.91394688 # TAU
5.3778557 -20.093106 -36.089084 ellipsoid -s wire -c 1 -r 30.582822,18.994820,4.8391543 -n 36,19 0.98378352 -0.14318324 0.10802101 -0.15043172 -0.98666183 0.062199110 0.097674337 -0.077440246 -0.99220095 # THA
107.47084 -60.828601 26.559425 ellipsoid -s wire -c 1 -r 33.448351,31.058874,19.067683 -n 36,19 0.85737293 0.50488321 -0.10002301 -0.50679985 0.79421629 -0.33522291 -0.089808518 0.33810270 0.93681428 # UCL
-7.4543957 9.8748638 21.946131 ellipsoid -s wire -c 1 -r 5.4230534,0.82946148,1.4994425 -n 36,19 0.90138479 0.39873683 0.16886206 0.43023649 -0.78055113 -0.45347160 -0.049010357 0.48140303 -0.87512805 # UMA
121.16063 -16.923220 48.888907 ellipsoid -s wire -c 1 -r 27.995621,10.132136,12.659874 -n 36,19 0.93200501 -0.19295844 0.30681215 0.36008387 0.58942142 -0.72313346 -0.041306950 0.78444211 0.61882494 # USCO
-27.045674 -46.259657 -84.229607 ellipsoid -s wire -c 1 -r 10.538278,4.6308957,1.4330018 -n 36,19 0.62404493 0.54751937 0.55748584 -0.65215803 -0.028045311 0.75756410 0.43041588 -0.83632290 0.33956762 # XFOR
21.579225 -80.293221 -14.275169 ellipsoid -s wire -c 1 -r 8.1344866,5.8659566,6.8178920 -n 36,19 0.23833427 0.89035311 0.38790220 0.96721325 -0.18152770 -0.17761258 -0.087722920 0.41751531 -0.90442559 # VCA
