{
 "cells": [
  {
   "cell_type": "code",
   "execution_count": 69,
   "metadata": {},
   "outputs": [
    {
     "name": "stdout",
     "output_type": "stream",
     "text": [
      "118TAU\n",
      "star speck: 118TAU.speck\n",
      "Elipse file: 118TAUellipse.speck\n",
      "C:\\Users\\Desir\\Documents\\GitHub\\scripts\\jupyter-notebooks\\partiview-openspace\\118TAUellipse.speck\n",
      "['0.99768482', '0.045638177', '0.050419854', '0.066521512', '-0.50076434', '-0.86302373', '-0.014138365', '0.86437968', '-0.50264090']\n",
      "ABDMG\n",
      "star speck: ABDMG.speck\n",
      "Elipse file: ABDMGellipse.speck\n",
      "C:\\Users\\Desir\\Documents\\GitHub\\scripts\\jupyter-notebooks\\partiview-openspace\\ABDMGellipse.speck\n",
      "['0.78525423', '-0.61544901', '-0.067810898', '-0.59600123', '-0.72163880', '-0.35216468', '0.16780443', '0.31695419', '-0.93347829']\n",
      "ALL\n",
      "star speck: ALL.speck\n",
      "ARG\n",
      "star speck: ARG.speck\n",
      "Elipse file: ARGellipse.speck\n",
      "C:\\Users\\Desir\\Documents\\GitHub\\scripts\\jupyter-notebooks\\partiview-openspace\\ARGellipse.speck\n",
      "['0.080346558', '0.99635740', '0.028572069', '-0.99195762', '0.082738488', '-0.095783173', '-0.097798283', '-0.020646433', '0.99499207']\n",
      "BanyanEllipses\n",
      "Elipse file: banyanellipses.speck\n",
      "C:\\Users\\Desir\\Documents\\GitHub\\scripts\\jupyter-notebooks\\partiview-openspace\\banyanellipses.speck\n",
      "['0.99768482', '0.045638177', '0.050419854', '0.066521512', '-0.50076434', '-0.86302373', '-0.014138365', '0.86437968', '-0.50264090']\n",
      "BanyanModels\n",
      "star speck: bsigma.speck\n",
      "BANYANXIII\n",
      "star speck: BANYANXIII.speck\n",
      "BPMG\n",
      "star speck: BPMG.speck\n",
      "Elipse file: BPMGellipse.speck\n",
      "C:\\Users\\Desir\\Documents\\GitHub\\scripts\\jupyter-notebooks\\partiview-openspace\\BPMGellipse.speck\n",
      "['0.99847351', '-0.043028885', '0.034628874', '-0.052895122', '-0.92540384', '0.37527303', '0.015898113', '-0.37653188', '-0.92626724']\n",
      "CAR\n",
      "star speck: CAR.speck\n",
      "Elipse file: CARellipse.speck\n",
      "C:\\Users\\Desir\\Documents\\GitHub\\scripts\\jupyter-notebooks\\partiview-openspace\\CARellipse.speck\n",
      "['0.31722231', '-0.94192482', '0.11021631', '-0.86638985', '-0.33510529', '-0.37023382', '0.38566649', '0.021956133', '-0.92237698']\n",
      "CARN\n",
      "star speck: CARN.speck\n",
      "Elipse file: CARNellipse.speck\n",
      "C:\\Users\\Desir\\Documents\\GitHub\\scripts\\jupyter-notebooks\\partiview-openspace\\CARNellipse.speck\n",
      "['0.99780169', '0.037521534', '0.054625205', '-0.052436441', '0.95105087', '0.30455323', '-0.040524044', '-0.30674808', '0.95092766']\n",
      "CBER\n",
      "star speck: CBER.speck\n",
      "Elipse file: CBERellipse.speck\n",
      "C:\\Users\\Desir\\Documents\\GitHub\\scripts\\jupyter-notebooks\\partiview-openspace\\CBERellipse.speck\n",
      "['0.032390939', '0.065617898', '-0.99731897', '-0.74440775', '-0.66426588', '-0.067881790', '-0.66693922', '0.74461072', '0.027330276']\n",
      "CLABELS\n",
      "star speck: clabels.speck\n",
      "CLABELS2\n",
      "star speck: clabels2.speck\n",
      "COL\n",
      "star speck: COL.speck\n",
      "Elipse file: COLellipse.speck\n",
      "C:\\Users\\Desir\\Documents\\GitHub\\scripts\\jupyter-notebooks\\partiview-openspace\\COLellipse.speck\n",
      "['0.072321075', '-0.84748786', '-0.52586499', '-0.82299602', '0.24713540', '-0.51147007', '0.56342453', '0.46977487', '-0.67960604']\n",
      "Coronae\n",
      "star speck: Coronae.speck\n",
      "CRA\n",
      "star speck: CRA.speck\n",
      "Elipse file: CRAellipse.speck\n",
      "C:\\Users\\Desir\\Documents\\GitHub\\scripts\\jupyter-notebooks\\partiview-openspace\\CRAellipse.speck\n",
      "['0.88644217', '0.080637927', '-0.45576069', '-0.45977435', '0.26655365', '-0.84708719', '0.053177320', '0.96044088', '0.27335964']\n",
      "CURRENT\n",
      "star speck: Check-Amina.speck\n",
      "star speck: CURRENT.speck\n",
      "star speck: CURRENT_blank.speck\n",
      "star speck: faherty_vela_puppis.speck\n",
      "star speck: sagittarius_rrlyrae.speck\n",
      "CURRENT2\n",
      "star speck: CURRENT2.speck\n",
      "star speck: CURRENT2_backup.speck\n",
      "EPSC\n",
      "star speck: EPSC.speck\n",
      "Elipse file: EPSCellipse.speck\n",
      "C:\\Users\\Desir\\Documents\\GitHub\\scripts\\jupyter-notebooks\\partiview-openspace\\EPSCellipse.speck\n",
      "['0.42390199', '-0.71050051', '-0.56169041', '-0.84450109', '-0.53417806', '0.038362932', '-0.32729958', '0.45808604', '-0.82645760']\n",
      "ETAC\n",
      "star speck: ETAC.speck\n",
      "Elipse file: ETACellipse.speck\n",
      "C:\\Users\\Desir\\Documents\\GitHub\\scripts\\jupyter-notebooks\\partiview-openspace\\ETACellipse.speck\n",
      "['0.36782450', '-0.82713706', '-0.42491107', '-0.71836634', '0.037400713', '-0.69465890', '0.59047010', '0.56075437', '-0.58043052']\n",
      "GlobularClusters\n",
      "star speck: gc.speck\n",
      "Grids\n",
      "HYA\n",
      "star speck: HYA.speck\n",
      "Elipse file: HYAellipse.speck\n",
      "C:\\Users\\Desir\\Documents\\GitHub\\scripts\\jupyter-notebooks\\partiview-openspace\\HYAellipse.speck\n",
      "['0.96523470', '0.25415044', '0.061069911', '-0.25344505', '0.96715999', '-0.019161303', '-0.063934228', '0.0030172877', '0.99794955']\n",
      "IC2391\n",
      "star speck: IC2391.speck\n",
      "Elipse file: IC2391ellipse.speck\n",
      "C:\\Users\\Desir\\Documents\\GitHub\\scripts\\jupyter-notebooks\\partiview-openspace\\IC2391ellipse.speck\n",
      "['0.050567152', '-0.99792208', '-0.039930891', '0.89524129', '0.027568703', '0.44472800', '-0.44270305', '-0.058236411', '0.89477513']\n",
      "IC2602\n",
      "star speck: IC2602.speck\n",
      "Elipse file: IC2602ellipse.speck\n",
      "C:\\Users\\Desir\\Documents\\GitHub\\scripts\\jupyter-notebooks\\partiview-openspace\\IC2602ellipse.speck\n",
      "['0.057395262', '-0.98866333', '-0.13874653', '-0.91212835', '-0.10842811', '0.39530396', '-0.40586656', '0.10386607', '-0.90801111']\n",
      "KounkelGroups\n",
      "star speck: kounkelgroups.speck\n",
      "LCC\n",
      "star speck: LCC.speck\n",
      "Elipse file: LCCellipse.speck\n",
      "C:\\Users\\Desir\\Documents\\GitHub\\scripts\\jupyter-notebooks\\partiview-openspace\\LCCellipse.speck\n",
      "['0.59860361', '-0.38425990', '0.70286417', '-0.80093407', '-0.27248188', '0.53315873', '-0.013353767', '-0.88209861', '-0.47087548']\n",
      "LocalGroup\n",
      "star speck: localgroup.speck\n",
      "Models\n",
      "star speck: galaxy.speck\n",
      "star speck: oort.speck\n",
      "MUTAU\n",
      "star speck: MUTAU.speck\n",
      "Elipse file: MUTAUellipse.speck\n",
      "C:\\Users\\Desir\\Documents\\GitHub\\scripts\\jupyter-notebooks\\partiview-openspace\\MUTAUellipse.speck\n",
      "['0.70393060', '0.62741360', '0.33291724', '-0.56831483', '0.77868344', '-0.26583897', '-0.42602812', '-0.0020696188', '0.90470755']\n",
      "NYADB\n",
      "star speck: NYADB.speck\n",
      "OBassociations\n",
      "star speck: ob.speck\n",
      "OCeDR3\n",
      "star speck: OCeDR3.speck\n",
      "OCeDR3_labels\n",
      "star speck: ocedr3.speck\n",
      "OCT\n",
      "star speck: OCT.speck\n",
      "Elipse file: OCTellipse.speck\n",
      "C:\\Users\\Desir\\Documents\\GitHub\\scripts\\jupyter-notebooks\\partiview-openspace\\OCTellipse.speck\n",
      "['0.97009671', '0.24077255', '-0.030674853', '-0.24189432', '0.94864257', '-0.20387351', '-0.019987675', '0.20519710', '0.97851655']\n",
      "OC_DR2\n",
      "star speck: OC_DR2.speck\n",
      "OhGroups_WRONGLABELS\n",
      "star speck: ohgroups.speck\n",
      "OpenClusters\n",
      "star speck: oc.speck\n",
      "PERI\n",
      "star speck: PERI.speck\n",
      "Elipse file: PERIellipse.speck\n",
      "C:\\Users\\Desir\\Documents\\GitHub\\scripts\\jupyter-notebooks\\partiview-openspace\\PERIellipse.speck\n",
      "['0.64909311', '0.75888550', '-0.052639727', '-0.75933368', '0.64220738', '-0.10479523', '-0.045721962', '0.10799298', '0.99309970']\n",
      "PL5\n",
      "star speck: PL5.speck\n",
      "PL8\n",
      "star speck: PL8.speck\n",
      "Elipse file: PL8ellipse.speck\n",
      "C:\\Users\\Desir\\Documents\\GitHub\\scripts\\jupyter-notebooks\\partiview-openspace\\PL8ellipse.speck\n",
      "['0.42034848', '-0.88105192', '-0.21692087', '-0.70648995', '-0.46781493', '0.53105663', '-0.56936729', '-0.069976436', '-0.81909962']\n",
      "PL8complex\n",
      "star speck: pl8complex.speck\n",
      "PLE\n",
      "star speck: PLE.speck\n",
      "Elipse file: PLEellipse.speck\n",
      "C:\\Users\\Desir\\Documents\\GitHub\\scripts\\jupyter-notebooks\\partiview-openspace\\PLEellipse.speck\n",
      "['0.89091700', '-0.20240880', '0.40656805', '0.43286628', '0.10750154', '-0.89502525', '0.13745429', '0.97338281', '0.18339089']\n",
      "PLEABDMG\n",
      "star speck: PLEABDMG.speck\n",
      "PRAE\n",
      "Elipse file: PRAEellipse.speck\n",
      "C:\\Users\\Desir\\Documents\\GitHub\\scripts\\jupyter-notebooks\\partiview-openspace\\PRAEellipse.speck\n",
      "['0.78441583', '0.38894122', '-0.48313200', '-0.50033316', '0.85715177', '-0.12230115', '0.36654949', '0.33766193', '0.86696361']\n",
      "ROPH\n",
      "star speck: ROPH.speck\n",
      "Elipse file: ROPHellipse.speck\n",
      "C:\\Users\\Desir\\Documents\\GitHub\\scripts\\jupyter-notebooks\\partiview-openspace\\ROPHellipse.speck\n",
      "['0.93995034', '-0.11508442', '0.32132372', '0.27950496', '0.79984881', '-0.53114862', '-0.19588347', '0.58906490', '0.78398483']\n",
      "TAU\n",
      "star speck: TAU.speck\n",
      "Elipse file: TAUellipse.speck\n",
      "C:\\Users\\Desir\\Documents\\GitHub\\scripts\\jupyter-notebooks\\partiview-openspace\\TAUellipse.speck\n",
      "['0.92144552', '0.26887227', '-0.28043869', '-0.34898600', '0.89003007', '-0.29335175', '0.17072472', '0.36817683', '0.91394688']\n",
      "THA\n",
      "star speck: THA.speck\n",
      "Elipse file: THAellipse.speck\n",
      "C:\\Users\\Desir\\Documents\\GitHub\\scripts\\jupyter-notebooks\\partiview-openspace\\THAellipse.speck\n",
      "['0.98378352', '-0.14318324', '0.10802101', '-0.15043172', '-0.98666183', '0.062199110', '0.097674337', '-0.077440246', '-0.99220095']\n",
      "THOR\n",
      "star speck: THOR.speck\n",
      "Elipse file: THORellipse.speck\n",
      "C:\\Users\\Desir\\Documents\\GitHub\\scripts\\jupyter-notebooks\\partiview-openspace\\THORellipse.speck\n",
      "['0.41987839', '-0.76246162', '-0.49229505', '0.88910934', '0.45443974', '0.054489546', '0.18217225', '-0.46058311', '0.86872117']\n",
      "TWA\n",
      "star speck: TWA.speck\n",
      "Elipse file: TWAellipse.speck\n",
      "C:\\Users\\Desir\\Documents\\GitHub\\scripts\\jupyter-notebooks\\partiview-openspace\\TWAellipse.speck\n",
      "['0.80025097', '-0.58967014', '0.10902989', '-0.59680312', '-0.80089952', '0.048846692', '0.058518547', '-0.10415899', '-0.99283759']\n",
      "UCL\n",
      "star speck: UCL.speck\n",
      "Elipse file: UCLellipse.speck\n",
      "C:\\Users\\Desir\\Documents\\GitHub\\scripts\\jupyter-notebooks\\partiview-openspace\\UCLellipse.speck\n",
      "['0.85737293', '0.50488321', '-0.10002301', '-0.50679985', '0.79421629', '-0.33522291', '-0.089808518', '0.33810270', '0.93681428']\n",
      "UCRA\n",
      "star speck: UCRA.speck\n",
      "Elipse file: UCRAellipse.speck\n",
      "C:\\Users\\Desir\\Documents\\GitHub\\scripts\\jupyter-notebooks\\partiview-openspace\\UCRAellipse.speck\n",
      "['0.98384467', '-0.15630009', '0.087292274', '0.15670825', '0.98764249', '0.0021999163', '-0.086557406', '0.011515043', '0.99618031']\n",
      "UMA\n",
      "star speck: UMA.speck\n",
      "Elipse file: UMAellipse.speck\n",
      "C:\\Users\\Desir\\Documents\\GitHub\\scripts\\jupyter-notebooks\\partiview-openspace\\UMAellipse.speck\n",
      "['0.90138479', '0.39873683', '0.16886206', '0.43023649', '-0.78055113', '-0.45347160', '-0.049010357', '0.48140303', '-0.87512805']\n",
      "UMATAILS\n",
      "star speck: UMATAILS.speck\n",
      "USCO\n",
      "star speck: USCO.speck\n",
      "Elipse file: USCOellipse.speck\n",
      "C:\\Users\\Desir\\Documents\\GitHub\\scripts\\jupyter-notebooks\\partiview-openspace\\USCOellipse.speck\n",
      "['0.93200501', '-0.19295844', '0.30681215', '0.36008387', '0.58942142', '-0.72313346', '-0.041306950', '0.78444211', '0.61882494']\n",
      "VCA\n",
      "star speck: VCA.speck\n",
      "Elipse file: VCAellipse.speck\n",
      "C:\\Users\\Desir\\Documents\\GitHub\\scripts\\jupyter-notebooks\\partiview-openspace\\VCAellipse.speck\n",
      "['0.23833427', '0.89035311', '0.38790220', '0.96721325', '-0.18152770', '-0.17761258', '-0.087722920', '0.41751531', '-0.90442559']\n",
      "WD_seeds\n",
      "star speck: WD_seeds.speck\n",
      "XFOR\n",
      "star speck: XFOR.speck\n",
      "Elipse file: XFORellipse.speck\n",
      "C:\\Users\\Desir\\Documents\\GitHub\\scripts\\jupyter-notebooks\\partiview-openspace\\XFORellipse.speck\n",
      "['0.62404493', '0.54751937', '0.55748584', '-0.65215803', '-0.028045311', '0.75756410', '0.43041588', '-0.83632290', '0.33956762']\n"
     ]
    }
   ],
   "source": [
    "import os, re\n",
    "for root, dirs, files in os.walk(\"./data\"):\n",
    "    super_asset = \"\"\n",
    "    for name in dirs:\n",
    "        for _, _, files in os.walk(root+\"/\"+name):\n",
    "            print(name)\n",
    "            #create asset for this directory\n",
    "            asset = \"local assetHelper = asset.require('util/asset_helper')\\n\"\n",
    "            asset += \"local transforms = asset.require('scene/solarsystem/sun/transforms')\\n\"\n",
    "            asset += \"local nodes = {}\\n\"\n",
    "            asset += \"local PARSEC_CONSTANT = 3.0856776E16;\\n\"\n",
    "            if (name == 'Grids'):\n",
    "                continue\n",
    "            for file in files:\n",
    "                if (file.endswith('.speck')):\n",
    "                    if ('ellips' in file):\n",
    "                        #reading file\n",
    "                        print(\"Elipse file: \" + file)\n",
    "                        path = os.path.realpath(file)\n",
    "                        print(path)\n",
    "                        specked = open(\"data/\" + name + \"/\" + file,\"r\")\n",
    "                        firstline = specked.readline()\n",
    "                        \n",
    "                        #reading ellipse first line\n",
    "                        numbers = firstline.split()\n",
    "                        snumbers = re.split('-r |-n ',firstline)\n",
    "                        \n",
    "                        #splitting rotation nums\n",
    "                        rnumbers = re.split('-n 36,19 ',firstline)\n",
    "                        rotation = re.split(\" \",str(rnumbers[1]))\n",
    "                        print(rotation[0:9])\n",
    "                        \n",
    "                        #splitting position numbers\n",
    "                        position = [numbers[0],numbers[1],numbers[2]]\n",
    "                        \n",
    "                        radius = [numbers[9],numbers[10],numbers[11]]\n",
    "                        \n",
    "                        #print (snumbers)\n",
    "                        #print (snumbers[1])\n",
    "                        \n",
    "                        scale = re.split(\",\",str(snumbers[1]))\n",
    "                        #print(scale[0])\n",
    "                        #print(scale[1])\n",
    "                        #print(scale[2])\n",
    "                        \n",
    "                        asset += \"local ellipseMesh  = {\\n\\\n",
    "                          Identifier = '\" + os.path.splitext(file)[0] + \"',\\n\\\n",
    "                          Renderable = {\\n\\\n",
    "                              Type = 'RenderableSphericalGrid',\\n\\\n",
    "                              Color = { 1.0, 0.5, 0.2 },\\n\\\n",
    "                              LineWidth = 2.0,\\n\\\n",
    "                              Segments = 40,\\n\\\n",
    "                              Enabled = false\\n\\\n",
    "                            },\\n\\\n",
    "                          Transform = {\\n\\\n",
    "                              Scale = { \\n\\\n",
    "                                Type = 'NonUniformStaticScale', \\n\\\n",
    "                                Scale = {\" +  scale[0] + \" * PARSEC_CONSTANT,\" +  scale[1] + \" * PARSEC_CONSTANT,\" +  scale[2] + \" * PARSEC_CONSTANT}\\n\\\n",
    "                                },\\n\\\n",
    "                              Rotation = {\\n\\\n",
    "                                Type = 'StaticRotation',\\n\\\n",
    "                                Rotation ={\"+ rotation[0] +\",\"+ rotation[1] +\",\"+ rotation[2] +\",\"+ rotation[3] +\",\"+ rotation[4] +\",\"+ rotation[5] +\",\"+ rotation[6] +\",\"+ rotation[7] +\",\"+ rotation[8] +\"}\\n\\\n",
    "                                },\\n\\\n",
    "                              Translation = {\\n\\\n",
    "                                Type = 'StaticTranslation',\\n\\\n",
    "                                Position = {\"+ position[0] +\" * PARSEC_CONSTANT,\"+ position[1] +\" * PARSEC_CONSTANT,\"+ position[2] +\" * PARSEC_CONSTANT}\\n\\\n",
    "                                }\\n\\\n",
    "                              },\\n\\\n",
    "                              GUI = {\\n\\\n",
    "                            Name = '\" + os.path.splitext(file)[0] + \"',\\n\\\n",
    "                            Path = '/Other/Partiview Ellipses'\\n\\\n",
    "                          }\\n\\\n",
    "                        }\\n\" \n",
    "                        asset += \"table.insert(nodes, ellipseMesh)\\n\"\n",
    "                        \n",
    "                        \n",
    "                        \n",
    "                    else:\n",
    "                        print(\"star speck: \" + file)\n",
    "                        asset += \"local stars = {\\n\\\n",
    "                          Identifier = '\" + os.path.splitext(file)[0] + \"',\\n\\\n",
    "                          Renderable = {\\n\\\n",
    "                            Type = 'RenderableStars',\\n\\\n",
    "                            File = asset.localResource('data/\" + name + \"/\" + file + \"'),\\n\\\n",
    "                            Texture = asset.localResource('halo.png'),\\n\\\n",
    "                            ColorMap = asset.localResource('colorbv.cmap'),\\n\\\n",
    "                            MagnitudeExponent = 6.3,\\n\\\n",
    "                            SizeComposition = 'Distance Modulus',\\n\\\n",
    "                            RenderMethod = 'Texture Based', -- or PSF\\n\\\n",
    "                            DataMapping = {\\n\\\n",
    "                              Bv = 'color',\\n\\\n",
    "                              Luminance = 'lum',\\n\\\n",
    "                              AbsoluteMagnitude = 'absmag',\\n\\\n",
    "                              ApparentMagnitude = 'appmag',\\n\\\n",
    "                              Vx = 'vx',\\n\\\n",
    "                              Vy = 'vy',\\n\\\n",
    "                              Vz = 'vz',\\n\\\n",
    "                              Speed = 'speed'\\n\\\n",
    "                            }\\n\\\n",
    "                          },\\n\\\n",
    "                          GUI = {\\n\\\n",
    "                            Name = '\" + os.path.splitext(file)[0] + \"',\\n\\\n",
    "                            Path = '/Other/Partiview Stars'\\n\\\n",
    "                          }\\n\\\n",
    "                        }\\n\"\n",
    "                        asset += \"table.insert(nodes, stars)\\n\"\n",
    "            asset += \"assetHelper.registerSceneGraphNodesAndExport(asset, nodes)\\n\"\n",
    "            asset_file = open(name + \".asset\", \"w\")\n",
    "            asset_file.write(asset)\n",
    "            asset_file.close()\n",
    "            super_asset += \"asset.require('./\" + name + \".asset')\\n\"\n",
    "    if (super_asset):\n",
    "        super_asset_file = open(\"BANYANSigma.asset\", 'w')\n",
    "        super_asset_file.write(super_asset)\n",
    "        super_asset_file.close()\n"
   ]
  },
  {
   "cell_type": "code",
   "execution_count": null,
   "metadata": {},
   "outputs": [],
   "source": []
  },
  {
   "cell_type": "code",
   "execution_count": null,
   "metadata": {},
   "outputs": [],
   "source": []
  }
 ],
 "metadata": {
  "kernelspec": {
   "display_name": "Python 3",
   "language": "python",
   "name": "python3"
  },
  "language_info": {
   "codemirror_mode": {
    "name": "ipython",
    "version": 3
   },
   "file_extension": ".py",
   "mimetype": "text/x-python",
   "name": "python",
   "nbconvert_exporter": "python",
   "pygments_lexer": "ipython3",
   "version": "3.8.3"
  }
 },
 "nbformat": 4,
 "nbformat_minor": 2
}
