OpenSpace_record/playback01.00A
script 86.9014 0 756436751.070  1 openspace.time.setPause(false)
script 86.9014 0 756436751.070  1 openspace.time.setDeltaTime(1)
# {0.24721592664718636,-0.4715541601181031,-0.8464755415916443,0,-0.741598010063171,-0.6543313860893247,0.1479284763336182,0,-0.6236318349838256,0.5911743640899658,-0.5114648342132567,0,-145892986233.15714,-15684999835.684877,-1065702265.5386913,1}
camera 86.917 0.0155415 756436751.086 13773774.2223511 6453860.4751873 617801.3322768 -0.1127533 -0.6818562 -0.4066898 -0.5974633 0.00141230341978371 - ISS
# {0.24721592664718636,-0.4715541601181031,-0.8464755415916443,0,-0.741598010063171,-0.6543313860893247,0.1479284763336182,0,-0.6236318349838256,0.5911743640899658,-0.5114648342132567,0,-145892986233.15714,-15684999835.684877,-1065702265.5386913,1}
camera 86.934 0.0325345 756436751.102 13773774.2223511 6453860.4751873 617801.3322768 -0.1127533 -0.6818562 -0.4066898 -0.5974633 0.00141230341978371 - ISS
# {0.24721592664718636,-0.4715541601181031,-0.8464755415916443,0,-0.741598010063171,-0.6543313860893247,0.1479284763336182,0,-0.6236318349838256,0.5911743640899658,-0.5114648342132567,0,-145892986233.15714,-15684999835.684877,-1065702265.5386913,1}
camera 86.9504 0.0490105 756436751.118 13773774.2223511 6453860.4751873 617801.3322768 -0.1127533 -0.6818562 -0.4066898 -0.5974633 0.00141230341978371 - ISS
# {0.24721592664718636,-0.4715541601181031,-0.8464755415916443,0,-0.741598010063171,-0.6543313860893247,0.1479284763336182,0,-0.6236318349838256,0.5911743640899658,-0.5114648342132567,0,-145892986233.15714,-15684999835.684877,-1065702265.5386913,1}
camera 86.967 0.0655706 756436751.135 13773774.2223511 6453860.4751873 617801.3322768 -0.1127533 -0.6818562 -0.4066898 -0.5974633 0.00141230341978371 - ISS
# {0.24721592664718636,-0.4715541601181031,-0.8464755415916443,0,-0.741598010063171,-0.6543313860893247,0.1479284763336182,0,-0.6236318349838256,0.5911743640899658,-0.5114648342132567,0,-145892986233.15714,-15684999835.684877,-1065702265.5386913,1}
camera 86.9837 0.0822753 756436751.151 13773774.2223511 6453860.4751873 617801.3322768 -0.1127533 -0.6818562 -0.4066898 -0.5974633 0.00141230341978371 - ISS
# {0.24721592664718636,-0.4715541601181031,-0.8464755415916443,0,-0.741598010063171,-0.6543313860893247,0.1479284763336182,0,-0.6236318349838256,0.5911743640899658,-0.5114648342132567,0,-145892986233.15714,-15684999835.684877,-1065702265.5386913,1}
camera 87.0003 0.0988941 756436751.168 13773774.2223511 6453860.4751873 617801.3322768 -0.1127533 -0.6818562 -0.4066898 -0.5974633 0.00141230341978371 - ISS
# {0.24721592664718636,-0.4715541601181031,-0.8464755415916443,0,-0.741598010063171,-0.6543313860893247,0.1479284763336182,0,-0.6236318349838256,0.5911743640899658,-0.5114648342132567,0,-145892986233.15714,-15684999835.684877,-1065702265.5386913,1}
camera 87.0168 0.115434 756436751.184 13773774.2223511 6453860.4751873 617801.3322768 -0.1127533 -0.6818562 -0.4066898 -0.5974633 0.00141230341978371 - ISS
# {0.24721592664718636,-0.4715541601181031,-0.8464755415916443,0,-0.741598010063171,-0.6543313860893247,0.1479284763336182,0,-0.6236318349838256,0.5911743640899658,-0.5114648342132567,0,-145892986233.15714,-15684999835.684877,-1065702265.5386913,1}
camera 87.0339 0.132455 756436751.201 13773774.2223511 6453860.4751873 617801.3322768 -0.1127533 -0.6818562 -0.4066898 -0.5974633 0.00141230341978371 - ISS
# {0.24721592664718636,-0.4715541601181031,-0.8464755415916443,0,-0.741598010063171,-0.6543313860893247,0.1479284763336182,0,-0.6236318349838256,0.5911743640899658,-0.5114648342132567,0,-145892986233.15714,-15684999835.684877,-1065702265.5386913,1}
camera 87.0505 0.149037 756436751.218 13773774.2223511 6453860.4751873 617801.3322768 -0.1127533 -0.6818562 -0.4066898 -0.5974633 0.00141230341978371 - ISS
# {0.24721592664718636,-0.4715541601181031,-0.8464755415916443,0,-0.741598010063171,-0.6543313860893247,0.1479284763336182,0,-0.6236318349838256,0.5911743640899658,-0.5114648342132567,0,-145892986233.15714,-15684999835.684877,-1065702265.5386913,1}
camera 87.0673 0.165913 756436751.235 13773774.2223511 6453860.4751873 617801.3322768 -0.1127533 -0.6818562 -0.4066898 -0.5974633 0.00141230341978371 - ISS
# {0.24721592664718636,-0.4715541601181031,-0.8464755415916443,0,-0.741598010063171,-0.6543313860893247,0.1479284763336182,0,-0.6236318349838256,0.5911743640899658,-0.5114648342132567,0,-145892986233.15714,-15684999835.684877,-1065702265.5386913,1}
camera 87.0836 0.182206 756436751.251 13773774.2223511 6453860.4751873 617801.3322768 -0.1127533 -0.6818562 -0.4066898 -0.5974633 0.00141230341978371 - ISS
# {0.24721592664718636,-0.4715541601181031,-0.8464755415916443,0,-0.741598010063171,-0.6543313860893247,0.1479284763336182,0,-0.6236318349838256,0.5911743640899658,-0.5114648342132567,0,-145892986233.15714,-15684999835.684877,-1065702265.5386913,1}
camera 87.1002 0.1988 756436751.268 13773774.2223511 6453860.4751873 617801.3322768 -0.1127533 -0.6818562 -0.4066898 -0.5974633 0.00141230341978371 - ISS
# {0.24721592664718636,-0.4715541601181031,-0.8464755415916443,0,-0.741598010063171,-0.6543313860893247,0.1479284763336182,0,-0.6236318349838256,0.5911743640899658,-0.5114648342132567,0,-145892986233.15714,-15684999835.684877,-1065702265.5386913,1}
camera 87.1189 0.21745 756436751.284 13773774.2223511 6453860.4751873 617801.3322768 -0.1127533 -0.6818562 -0.4066898 -0.5974633 0.00141230341978371 - ISS
# {0.24721592664718636,-0.4715541601181031,-0.8464755415916443,0,-0.741598010063171,-0.6543313860893247,0.1479284763336182,0,-0.6236318349838256,0.5911743640899658,-0.5114648342132567,0,-145892986233.15714,-15684999835.684877,-1065702265.5386913,1}
camera 87.1342 0.232753 756436751.303 13773774.2223511 6453860.4751873 617801.3322768 -0.1127533 -0.6818562 -0.4066898 -0.5974633 0.00141230341978371 - ISS
# {0.24721592664718636,-0.4715541601181031,-0.8464755415916443,0,-0.741598010063171,-0.6543313860893247,0.1479284763336182,0,-0.6236318349838256,0.5911743640899658,-0.5114648342132567,0,-145892986233.15714,-15684999835.684877,-1065702265.5386913,1}
camera 87.1509 0.249484 756436751.318 13773774.2223511 6453860.4751873 617801.3322768 -0.1127533 -0.6818562 -0.4066898 -0.5974633 0.00141230341978371 - ISS
# {0.24721592664718636,-0.4715541601181031,-0.8464755415916443,0,-0.741598010063171,-0.6543313860893247,0.1479284763336182,0,-0.6236318349838256,0.5911743640899658,-0.5114648342132567,0,-145892986233.15714,-15684999835.684877,-1065702265.5386913,1}
camera 87.1677 0.266255 756436751.335 13773774.2223511 6453860.4751873 617801.3322768 -0.1127533 -0.6818562 -0.4066898 -0.5974633 0.00141230341978371 - ISS
# {0.24721592664718636,-0.4715541601181031,-0.8464755415916443,0,-0.741598010063171,-0.6543313860893247,0.1479284763336182,0,-0.6236318349838256,0.5911743640899658,-0.5114648342132567,0,-145892986233.15714,-15684999835.684877,-1065702265.5386913,1}
camera 87.1846 0.283177 756436751.352 13773774.2223511 6453860.4751873 617801.3322768 -0.1127533 -0.6818562 -0.4066898 -0.5974633 0.00141230341978371 - ISS
# {0.24721592664718636,-0.4715541601181031,-0.8464755415916443,0,-0.741598010063171,-0.6543313860893247,0.1479284763336182,0,-0.6236318349838256,0.5911743640899658,-0.5114648342132567,0,-145892986233.15714,-15684999835.684877,-1065702265.5386913,1}
camera 87.2014 0.3 756436751.369 13773774.2223511 6453860.4751873 617801.3322768 -0.1127533 -0.6818562 -0.4066898 -0.5974633 0.00141230341978371 - ISS
# {0.24721592664718636,-0.4715541601181031,-0.8464755415916443,0,-0.741598010063171,-0.6543313860893247,0.1479284763336182,0,-0.6236318349838256,0.5911743640899658,-0.5114648342132567,0,-145892986233.15714,-15684999835.684877,-1065702265.5386913,1}
camera 87.218 0.31661 756436751.386 13773774.2223511 6453860.4751873 617801.3322768 -0.1127533 -0.6818562 -0.4066898 -0.5974633 0.00141230341978371 - ISS
# {0.24721592664718636,-0.4715541601181031,-0.8464755415916443,0,-0.741598010063171,-0.6543313860893247,0.1479284763336182,0,-0.6236318349838256,0.5911743640899658,-0.5114648342132567,0,-145892986233.15714,-15684999835.684877,-1065702265.5386913,1}
camera 87.2343 0.332857 756436751.402 13773774.2223511 6453860.4751873 617801.3322768 -0.1127533 -0.6818562 -0.4066898 -0.5974633 0.00141230341978371 - ISS
# {0.24721592664718636,-0.4715541601181031,-0.8464755415916443,0,-0.741598010063171,-0.6543313860893247,0.1479284763336182,0,-0.6236318349838256,0.5911743640899658,-0.5114648342132567,0,-145892986233.15714,-15684999835.684877,-1065702265.5386913,1}
camera 87.2507 0.349307 756436751.419 13773774.2223511 6453860.4751873 617801.3322768 -0.1127533 -0.6818562 -0.4066898 -0.5974633 0.00141230341978371 - ISS
# {0.24721592664718636,-0.4715541601181031,-0.8464755415916443,0,-0.741598010063171,-0.6543313860893247,0.1479284763336182,0,-0.6236318349838256,0.5911743640899658,-0.5114648342132567,0,-145892986233.15714,-15684999835.684877,-1065702265.5386913,1}
camera 87.2684 0.36696 756436751.435 13773774.2223511 6453860.4751873 617801.3322768 -0.1127533 -0.6818562 -0.4066898 -0.5974633 0.00141230341978371 - ISS
# {0.24721592664718636,-0.4715541601181031,-0.8464755415916443,0,-0.741598010063171,-0.6543313860893247,0.1479284763336182,0,-0.6236318349838256,0.5911743640899658,-0.5114648342132567,0,-145892986233.15714,-15684999835.684877,-1065702265.5386913,1}
camera 87.2846 0.383176 756436751.453 13773774.2223511 6453860.4751873 617801.3322768 -0.1127533 -0.6818562 -0.4066898 -0.5974633 0.00141230341978371 - ISS
# {0.24721592664718636,-0.4715541601181031,-0.8464755415916443,0,-0.741598010063171,-0.6543313860893247,0.1479284763336182,0,-0.6236318349838256,0.5911743640899658,-0.5114648342132567,0,-145892986233.15714,-15684999835.684877,-1065702265.5386913,1}
camera 87.3003 0.398917 756436751.469 13773774.2223511 6453860.4751873 617801.3322768 -0.1127533 -0.6818562 -0.4066898 -0.5974633 0.00141230341978371 - ISS
# {0.24721592664718636,-0.4715541601181031,-0.8464755415916443,0,-0.741598010063171,-0.6543313860893247,0.1479284763336182,0,-0.6236318349838256,0.5911743640899658,-0.5114648342132567,0,-145892986233.15714,-15684999835.684877,-1065702265.5386913,1}
camera 87.3182 0.416748 756436751.484 13773774.2223511 6453860.4751873 617801.3322768 -0.1127533 -0.6818562 -0.4066898 -0.5974633 0.00141230341978371 - ISS
# {0.24721592664718636,-0.4715541601181031,-0.8464755415916443,0,-0.741598010063171,-0.6543313860893247,0.1479284763336182,0,-0.6236318349838256,0.5911743640899658,-0.5114648342132567,0,-145892986233.15714,-15684999835.684877,-1065702265.5386913,1}
camera 87.3352 0.433831 756436751.502 13773774.2223511 6453860.4751873 617801.3322768 -0.1127533 -0.6818562 -0.4066898 -0.5974633 0.00141230341978371 - ISS
# {0.24721592664718636,-0.4715541601181031,-0.8464755415916443,0,-0.741598010063171,-0.6543313860893247,0.1479284763336182,0,-0.6236318349838256,0.5911743640899658,-0.5114648342132567,0,-145892986233.15714,-15684999835.684877,-1065702265.5386913,1}
camera 87.3513 0.449909 756436751.519 13773774.2223511 6453860.4751873 617801.3322768 -0.1127533 -0.6818562 -0.4066898 -0.5974633 0.00141230341978371 - ISS
# {0.24721592664718636,-0.4715541601181031,-0.8464755415916443,0,-0.741598010063171,-0.6543313860893247,0.1479284763336182,0,-0.6236318349838256,0.5911743640899658,-0.5114648342132567,0,-145892986233.15714,-15684999835.684877,-1065702265.5386913,1}
camera 87.3699 0.468477 756436751.535 13773774.2223511 6453860.4751873 617801.3322768 -0.1127533 -0.6818562 -0.4066898 -0.5974633 0.00141230341978371 - ISS
# {0.24721592664718636,-0.4715541601181031,-0.8464755415916443,0,-0.741598010063171,-0.6543313860893247,0.1479284763336182,0,-0.6236318349838256,0.5911743640899658,-0.5114648342132567,0,-145892986233.15714,-15684999835.684877,-1065702265.5386913,1}
camera 87.3836 0.482204 756436751.554 13773774.2223511 6453860.4751873 617801.3322768 -0.1127533 -0.6818562 -0.4066898 -0.5974633 0.00141230341978371 - ISS
# {0.24721592664718636,-0.4715541601181031,-0.8464755415916443,0,-0.741598010063171,-0.6543313860893247,0.1479284763336182,0,-0.6236318349838256,0.5911743640899658,-0.5114648342132567,0,-145892986233.15714,-15684999835.684877,-1065702265.5386913,1}
camera 87.4002 0.49876 756436751.568 13773774.2223511 6453860.4751873 617801.3322768 -0.1127533 -0.6818562 -0.4066898 -0.5974633 0.00141230341978371 - ISS
# {0.24721592664718636,-0.4715541601181031,-0.8464755415916443,0,-0.741598010063171,-0.6543313860893247,0.1479284763336182,0,-0.6236318349838256,0.5911743640899658,-0.5114648342132567,0,-145892986233.15714,-15684999835.684877,-1065702265.5386913,1}
camera 87.4167 0.515287 756436751.584 13773774.2223511 6453860.4751873 617801.3322768 -0.1127533 -0.6818562 -0.4066898 -0.5974633 0.00141230341978371 - ISS
# {0.24721592664718636,-0.4715541601181031,-0.8464755415916443,0,-0.741598010063171,-0.6543313860893247,0.1479284763336182,0,-0.6236318349838256,0.5911743640899658,-0.5114648342132567,0,-145892986233.15714,-15684999835.684877,-1065702265.5386913,1}
camera 87.4344 0.533018 756436751.601 13773774.2223511 6453860.4751873 617801.3322768 -0.1127533 -0.6818562 -0.4066898 -0.5974633 0.00141230341978371 - ISS
# {0.24721592664718636,-0.4715541601181031,-0.8464755415916443,0,-0.741598010063171,-0.6543313860893247,0.1479284763336182,0,-0.6236318349838256,0.5911743640899658,-0.5114648342132567,0,-145892986233.15714,-15684999835.684877,-1065702265.5386913,1}
camera 87.4504 0.548961 756436751.619 13773774.2223511 6453860.4751873 617801.3322768 -0.1127533 -0.6818562 -0.4066898 -0.5974633 0.00141230341978371 - ISS
# {0.24721592664718636,-0.4715541601181031,-0.8464755415916443,0,-0.741598010063171,-0.6543313860893247,0.1479284763336182,0,-0.6236318349838256,0.5911743640899658,-0.5114648342132567,0,-145892986233.15714,-15684999835.684877,-1065702265.5386913,1}
camera 87.4681 0.566714 756436751.635 13773774.2223511 6453860.4751873 617801.3322768 -0.1127533 -0.6818562 -0.4066898 -0.5974633 0.00141230341978371 - ISS
# {0.24721592664718636,-0.4715541601181031,-0.8464755415916443,0,-0.741598010063171,-0.6543313860893247,0.1479284763336182,0,-0.6236318349838256,0.5911743640899658,-0.5114648342132567,0,-145892986233.15714,-15684999835.684877,-1065702265.5386913,1}
camera 87.4841 0.582652 756436751.653 13773774.2223511 6453860.4751873 617801.3322768 -0.1127533 -0.6818562 -0.4066898 -0.5974633 0.00141230341978371 - ISS
# {0.24721592664718636,-0.4715541601181031,-0.8464755415916443,0,-0.741598010063171,-0.6543313860893247,0.1479284763336182,0,-0.6236318349838256,0.5911743640899658,-0.5114648342132567,0,-145892986233.15714,-15684999835.684877,-1065702265.5386913,1}
camera 87.502 0.600616 756436751.668 13773774.2223511 6453860.4751873 617801.3322768 -0.1127533 -0.6818562 -0.4066898 -0.5974633 0.00141230341978371 - ISS
# {0.24721592664718636,-0.4715541601181031,-0.8464755415916443,0,-0.741598010063171,-0.6543313860893247,0.1479284763336182,0,-0.6236318349838256,0.5911743640899658,-0.5114648342132567,0,-145892986233.15714,-15684999835.684877,-1065702265.5386913,1}
camera 87.5179 0.616446 756436751.686 13773774.2223511 6453860.4751873 617801.3322768 -0.1127533 -0.6818562 -0.4066898 -0.5974633 0.00141230341978371 - ISS
# {0.24721592664718636,-0.4715541601181031,-0.8464755415916443,0,-0.741598010063171,-0.6543313860893247,0.1479284763336182,0,-0.6236318349838256,0.5911743640899658,-0.5114648342132567,0,-145892986233.15714,-15684999835.684877,-1065702265.5386913,1}
camera 87.5336 0.632203 756436751.702 13773774.2223511 6453860.4751873 617801.3322768 -0.1127533 -0.6818562 -0.4066898 -0.5974633 0.00141230341978371 - ISS
# {0.24721592664718636,-0.4715541601181031,-0.8464755415916443,0,-0.741598010063171,-0.6543313860893247,0.1479284763336182,0,-0.6236318349838256,0.5911743640899658,-0.5114648342132567,0,-145892986233.15714,-15684999835.684877,-1065702265.5386913,1}
camera 87.5502 0.64879 756436751.718 13773774.2223511 6453860.4751873 617801.3322768 -0.1127533 -0.6818562 -0.4066898 -0.5974633 0.00141230341978371 - ISS
# {0.24721592664718636,-0.4715541601181031,-0.8464755415916443,0,-0.741598010063171,-0.6543313860893247,0.1479284763336182,0,-0.6236318349838256,0.5911743640899658,-0.5114648342132567,0,-145892986233.15714,-15684999835.684877,-1065702265.5386913,1}
camera 87.5671 0.665692 756436751.734 13773774.2223511 6453860.4751873 617801.3322768 -0.1127533 -0.6818562 -0.4066898 -0.5974633 0.00141230341978371 - ISS
# {0.24721592664718636,-0.4715541601181031,-0.8464755415916443,0,-0.741598010063171,-0.6543313860893247,0.1479284763336182,0,-0.6236318349838256,0.5911743640899658,-0.5114648342132567,0,-145892986233.15714,-15684999835.684877,-1065702265.5386913,1}
camera 87.5835 0.682121 756436751.752 13773774.2223511 6453860.4751873 617801.3322768 -0.1127533 -0.6818562 -0.4066898 -0.5974633 0.00141230341978371 - ISS
# {0.24721592664718636,-0.4715541601181031,-0.8464755415916443,0,-0.741598010063171,-0.6543313860893247,0.1479284763336182,0,-0.6236318349838256,0.5911743640899658,-0.5114648342132567,0,-145892986233.15714,-15684999835.684877,-1065702265.5386913,1}
camera 87.6 0.69855 756436751.768 13773774.2223511 6453860.4751873 617801.3322768 -0.1127533 -0.6818562 -0.4066898 -0.5974633 0.00141230341978371 - ISS
# {0.24721592664718636,-0.4715541601181031,-0.8464755415916443,0,-0.741598010063171,-0.6543313860893247,0.1479284763336182,0,-0.6236318349838256,0.5911743640899658,-0.5114648342132567,0,-145892986233.15714,-15684999835.684877,-1065702265.5386913,1}
camera 87.6167 0.715274 756436751.784 13773774.2223511 6453860.4751873 617801.3322768 -0.1127533 -0.6818562 -0.4066898 -0.5974633 0.00141230341978371 - ISS
# {0.24721592664718636,-0.4715541601181031,-0.8464755415916443,0,-0.741598010063171,-0.6543313860893247,0.1479284763336182,0,-0.6236318349838256,0.5911743640899658,-0.5114648342132567,0,-145892986233.15714,-15684999835.684877,-1065702265.5386913,1}
camera 87.6337 0.732269 756436751.801 13773774.2223511 6453860.4751873 617801.3322768 -0.1127533 -0.6818562 -0.4066898 -0.5974633 0.00141230341978371 - ISS
# {0.24721592664718636,-0.4715541601181031,-0.8464755415916443,0,-0.741598010063171,-0.6543313860893247,0.1479284763336182,0,-0.6236318349838256,0.5911743640899658,-0.5114648342132567,0,-145892986233.15714,-15684999835.684877,-1065702265.5386913,1}
camera 87.6502 0.748787 756436751.818 13773774.2223511 6453860.4751873 617801.3322768 -0.1127533 -0.6818562 -0.4066898 -0.5974633 0.00141230341978371 - ISS
# {0.24721592664718636,-0.4715541601181031,-0.8464755415916443,0,-0.741598010063171,-0.6543313860893247,0.1479284763336182,0,-0.6236318349838256,0.5911743640899658,-0.5114648342132567,0,-145892986233.15714,-15684999835.684877,-1065702265.5386913,1}
camera 87.6679 0.766486 756436751.834 13774180.1426086 6452958.8002834 618169.8541929 -0.1127750 -0.6818437 -0.4066759 -0.5974828 0.00141230341978371 - ISS
# {0.24721592664718636,-0.4715541601181031,-0.8464755415916443,0,-0.741598010063171,-0.6543313860893247,0.1479284763336182,0,-0.6236318349838256,0.5911743640899658,-0.5114648342132567,0,-145892986233.15714,-15684999835.684877,-1065702265.5386913,1}
camera 87.6849 0.783518 756436751.852 13775566.5446777 6449874.4752674 619463.8600875 -0.1128490 -0.6818003 -0.4066288 -0.5975504 0.00141230341978371 - ISS
# {0.24721592664718636,-0.4715541601181031,-0.8464755415916443,0,-0.741598010063171,-0.6543313860893247,0.1479284763336182,0,-0.6236318349838256,0.5911743640899658,-0.5114648342132567,0,-145892986233.15714,-15684999835.684877,-1065702265.5386913,1}
camera 87.7007 0.799301 756436751.869 13778065.1288452 6444303.0145283 621876.0408001 -0.1129823 -0.6817201 -0.4065448 -0.5976738 0.00141230341978371 - ISS
# {0.24721592664718636,-0.4715541601181031,-0.8464755415916443,0,-0.741598010063171,-0.6543313860893247,0.1479284763336182,0,-0.6236318349838256,0.5911743640899658,-0.5114648342132567,0,-145892986233.15714,-15684999835.684877,-1065702265.5386913,1}
camera 87.718 0.816577 756436751.885 13781550.3205261 6436509.8022766 625349.6431381 -0.1131684 -0.6816056 -0.4064285 -0.5978482 0.00141230341978371 - ISS
# {0.24721592664718636,-0.4715541601181031,-0.8464755415916443,0,-0.741598010063171,-0.6543313860893247,0.1479284763336182,0,-0.6236318349838256,0.5911743640899658,-0.5114648342132567,0,-145892986233.15714,-15684999835.684877,-1065702265.5386913,1}
camera 87.7659 0.864514 756436751.902 13787266.5903625 6423677.6732998 631264.5754815 -0.1134737 -0.6814125 -0.4062398 -0.5981388 0.00141230341978371 - ISS
# {0.24721592664718636,-0.4715541601181031,-0.8464755415916443,0,-0.741598010063171,-0.6543313860893247,0.1479284763336182,0,-0.6236318349838256,0.5911743640899658,-0.5114648342132567,0,-145892986233.15714,-15684999835.684877,-1065702265.5386913,1}
camera 87.774 0.872602 756436751.950 13816805.7492371 6356639.2866688 663223.7296355 -0.1150625 -0.6803755 -0.4052696 -0.5996719 0.00141230341978371 - ISS
# {0.24721592664718636,-0.4715541601181031,-0.8464755415916443,0,-0.741598010063171,-0.6543313860893247,0.1479284763336182,0,-0.6236318349838256,0.5911743640899658,-0.5114648342132567,0,-145892986233.15714,-15684999835.684877,-1065702265.5386913,1}
camera 87.7832 0.881784 756436751.958 13822040.0147400 6344649.2630539 668943.5014890 -0.1153458 -0.6801895 -0.4050960 -0.5999457 0.00141230341978371 - ISS
# {0.24721592664718636,-0.4715541601181031,-0.8464755415916443,0,-0.741598010063171,-0.6543313860893247,0.1479284763336182,0,-0.6236318349838256,0.5911743640899658,-0.5114648342132567,0,-145892986233.15714,-15684999835.684877,-1065702265.5386913,1}
camera 87.7928 0.891379 756436751.967 13828528.2832336 6329737.8331203 676072.7268927 -0.1156979 -0.6799577 -0.4048804 -0.6002861 0.00141230341978371 - ISS
# {0.24721592664718636,-0.4715541601181031,-0.8464755415916443,0,-0.741598010063171,-0.6543313860893247,0.1479284763336182,0,-0.6236318349838256,0.5911743640899658,-0.5114648342132567,0,-145892986233.15714,-15684999835.684877,-1065702265.5386913,1}
camera 87.8027 0.901281 756436751.977 13835855.8287964 6312831.1640854 684182.7435157 -0.1160966 -0.6796939 -0.4046364 -0.6006722 0.00141230341978371 - ISS
# {0.24721592664718636,-0.4715541601181031,-0.8464755415916443,0,-0.741598010063171,-0.6543313860893247,0.1479284763336182,0,-0.6236318349838256,0.5911743640899658,-0.5114648342132567,0,-145892986233.15714,-15684999835.684877,-1065702265.5386913,1}
camera 87.8175 0.916122 756436751.987 13844017.2256775 6293916.3099346 693292.4249560 -0.1165422 -0.6793976 -0.4043640 -0.6011044 0.00141230341978371 - ISS
# {0.24721592664718636,-0.4715541601181031,-0.8464755415916443,0,-0.741598010063171,-0.6543313860893247,0.1479284763336182,0,-0.6236318349838256,0.5911743640899658,-0.5114648342132567,0,-145892986233.15714,-15684999835.684877,-1065702265.5386913,1}
camera 87.8349 0.933484 756436752.002 13857711.0571899 6261973.8443375 708786.0580276 -0.1172933 -0.6788939 -0.4039057 -0.6018351 0.00141230341978371 - ISS
# {0.24721592664718636,-0.4715541601181031,-0.8464755415916443,0,-0.741598010063171,-0.6543313860893247,0.1479284763336182,0,-0.6236318349838256,0.5911743640899658,-0.5114648342132567,0,-145892986233.15714,-15684999835.684877,-1065702265.5386913,1}
camera 87.8507 0.94927 756436752.019 13875501.9323120 6220084.3560219 729278.1210774 -0.1182759 -0.6782278 -0.4033074 -0.6027943 0.00141230341978371 - ISS
# {0.24721592664718636,-0.4715541601181031,-0.8464755415916443,0,-0.741598010063171,-0.6543313860893247,0.1479284763336182,0,-0.6236318349838256,0.5911743640899658,-0.5114648342132567,0,-145892986233.15714,-15684999835.684877,-1065702265.5386913,1}
camera 87.8673 0.965838 756436752.035 13893212.7813416 6177941.0795174 750021.6516974 -0.1192618 -0.6775529 -0.4027076 -0.6037593 0.00141230341978371 - ISS
# {0.24721592664718636,-0.4715541601181031,-0.8464755415916443,0,-0.741598010063171,-0.6543313860893247,0.1479284763336182,0,-0.6236318349838256,0.5911743640899658,-0.5114648342132567,0,-145892986233.15714,-15684999835.684877,-1065702265.5386913,1}
camera 87.884 0.982621 756436752.051 13913455.0223083 6129219.2382946 774138.6948073 -0.1203986 -0.6767673 -0.4020165 -0.6048744 0.00141230341978371 - ISS
# {0.24721592664718636,-0.4715541601181031,-0.8464755415916443,0,-0.741598010063171,-0.6543313860893247,0.1479284763336182,0,-0.6236318349838256,0.5911743640899658,-0.5114648342132567,0,-145892986233.15714,-15684999835.684877,-1065702265.5386913,1}
camera 87.9008 0.999392 756436752.068 13935695.8560181 6074983.4117031 801128.8310927 -0.1216601 -0.6758866 -0.4012498 -0.6061144 0.00141230341978371 - ISS
# {0.24721592664718636,-0.4715541601181031,-0.8464755415916443,0,-0.741598010063171,-0.6543313860893247,0.1479284763336182,0,-0.6236318349838256,0.5911743640899658,-0.5114648342132567,0,-145892986233.15714,-15684999835.684877,-1065702265.5386913,1}
camera 87.9172 1.01582 756436752.085 13959216.2557068 6016801.6324902 830198.4638364 -0.1230092 -0.6749360 -0.4004296 -0.6074424 0.00141230341978371 - ISS
# {0.24721592664718636,-0.4715541601181031,-0.8464755415916443,0,-0.741598010063171,-0.6543313860893247,0.1479284763336182,0,-0.6236318349838256,0.5911743640899658,-0.5114648342132567,0,-145892986233.15714,-15684999835.684877,-1065702265.5386913,1}
camera 87.9339 1.03245 756436752.101 13983593.0932312 5955573.9233418 860879.3727615 -0.1244243 -0.6739299 -0.3995684 -0.6088367 0.00141230341978371 - ISS
# {0.24721592664718636,-0.4715541601181031,-0.8464755415916443,0,-0.741598010063171,-0.6543313860893247,0.1479284763336182,0,-0.6236318349838256,0.5911743640899658,-0.5114648342132567,0,-145892986233.15714,-15684999835.684877,-1065702265.5386913,1}
camera 87.9507 1.0493 756436752.118 14009544.3916626 5889309.6554756 894174.2379642 -0.1259508 -0.6728349 -0.3986385 -0.6103417 0.00141230341978371 - ISS
# {0.24721592664718636,-0.4715541601181031,-0.8464755415916443,0,-0.741598010063171,-0.6543313860893247,0.1479284763336182,0,-0.6236318349838256,0.5911743640899658,-0.5114648342132567,0,-145892986233.15714,-15684999835.684877,-1065702265.5386913,1}
camera 87.9675 1.06609 756436752.135 14037115.7362671 5817633.1115627 930256.2195681 -0.1275961 -0.6716439 -0.3976346 -0.6119645 0.00141230341978371 - ISS
# {0.24721592664718636,-0.4715541601181031,-0.8464755415916443,0,-0.741598010063171,-0.6543313860893247,0.1479284763336182,0,-0.6236318349838256,0.5911743640899658,-0.5114648342132567,0,-145892986233.15714,-15684999835.684877,-1065702265.5386913,1}
camera 87.9838 1.08234 756436752.152 14065802.6951904 5741592.3829880 968587.2679689 -0.1293352 -0.6703736 -0.3965715 -0.6136796 0.00141230341978371 - ISS
# {0.24721592664718636,-0.4715541601181031,-0.8464755415916443,0,-0.741598010063171,-0.6543313860893247,0.1479284763336182,0,-0.6236318349838256,0.5911743640899658,-0.5114648342132567,0,-145892986233.15714,-15684999835.684877,-1065702265.5386913,1}
camera 88.0027 1.10126 756436752.168 14094462.0872803 5664056.5930901 1007696.0002602 -0.1311019 -0.6690720 -0.3954888 -0.6154214 0.00141230341978371 - ISS
# {0.24721592664718636,-0.4715541601181031,-0.8464755415916443,0,-0.741598010063171,-0.6543313860893247,0.1479284763336182,0,-0.6236318349838256,0.5911743640899658,-0.5114648342132567,0,-145892986233.15714,-15684999835.684877,-1065702265.5386913,1}
camera 88.0178 1.11641 756436752.187 14128945.2976990 5568559.5988865 1055887.5966053 -0.1332692 -0.6674601 -0.3941577 -0.6175565 0.00141230341978371 - ISS
# {0.24721592664718636,-0.4715541601181031,-0.8464755415916443,0,-0.741598010063171,-0.6543313860893247,0.1479284763336182,0,-0.6236318349838256,0.5911743640899658,-0.5114648342132567,0,-145892986233.15714,-15684999835.684877,-1065702265.5386913,1}
camera 88.0341 1.13265 756436752.202 14157127.2671204 5488621.4631462 1096189.6848824 -0.1350757 -0.6661050 -0.3930437 -0.6193346 0.00141230341978371 - ISS
# {0.24721592664718636,-0.4715541601181031,-0.8464755415916443,0,-0.741598010063171,-0.6543313860893247,0.1479284763336182,0,-0.6236318349838256,0.5911743640899658,-0.5114648342132567,0,-145892986233.15714,-15684999835.684877,-1065702265.5386913,1}
camera 88.0509 1.14951 756436752.218 14187991.9870605 5398987.6871948 1141343.5842788 -0.1370937 -0.6645789 -0.3917957 -0.6213182 0.00141230341978371 - ISS
# {0.24721592664718636,-0.4715541601181031,-0.8464755415916443,0,-0.741598010063171,-0.6543313860893247,0.1479284763336182,0,-0.6236318349838256,0.5911743640899658,-0.5114648342132567,0,-145892986233.15714,-15684999835.684877,-1065702265.5386913,1}
camera 88.0691 1.16771 756436752.235 14218280.1962585 5308800.2598743 1186590.8773565 -0.1391168 -0.6630398 -0.3905389 -0.6233010 0.00141230341978371 - ISS
# {0.24721592664718636,-0.4715541601181031,-0.8464755415916443,0,-0.741598010063171,-0.6543313860893247,0.1479284763336182,0,-0.6236318349838256,0.5911743640899658,-0.5114648342132567,0,-145892986233.15714,-15684999835.684877,-1065702265.5386913,1}
camera 88.0835 1.18205 756436752.253 14249110.0198059 5214573.5731087 1233667.6791514 -0.1412227 -0.6614279 -0.3892246 -0.6253586 0.00141230341978371 - ISS
# {0.24721592664718636,-0.4715541601181031,-0.8464755415916443,0,-0.741598010063171,-0.6543313860893247,0.1479284763336182,0,-0.6236318349838256,0.5911743640899658,-0.5114648342132567,0,-145892986233.15714,-15684999835.684877,-1065702265.5386913,1}
camera 88.1004 1.19897 756436752.268 14272080.5788879 5142668.9341946 1269457.3768468 -0.1428239 -0.6601954 -0.3882204 -0.6269197 0.00141230341978371 - ISS
# {0.24721592664718636,-0.4715541601181031,-0.8464755415916443,0,-0.741598010063171,-0.6543313860893247,0.1479284763336182,0,-0.6236318349838256,0.5911743640899658,-0.5114648342132567,0,-145892986233.15714,-15684999835.684877,-1065702265.5386913,1}
camera 88.117 1.21558 756436752.285 14297872.9225769 5060087.0351543 1310419.3738580 -0.1446576 -0.6587769 -0.3870664 -0.6287025 0.00141230341978371 - ISS
# {0.24721592664718636,-0.4715541601181031,-0.8464755415916443,0,-0.741598010063171,-0.6543313860893247,0.1479284763336182,0,-0.6236318349838256,0.5911743640899658,-0.5114648342132567,0,-145892986233.15714,-15684999835.684877,-1065702265.5386913,1}
camera 88.1339 1.23249 756436752.301 14321675.6625671 4982034.3809013 1348995.7349230 -0.1463852 -0.6574334 -0.3859746 -0.6303779 0.00141230341978371 - ISS
# {0.24721592664718636,-0.4715541601181031,-0.8464755415916443,0,-0.741598010063171,-0.6543313860893247,0.1479284763336182,0,-0.6236318349838256,0.5911743640899658,-0.5114648342132567,0,-145892986233.15714,-15684999835.684877,-1065702265.5386913,1}
camera 88.1505 1.24906 756436752.318 14344862.8817444 4904187.5333920 1387336.7977836 -0.1481031 -0.6560907 -0.3848848 -0.6320396 0.00141230341978371 - ISS
# {0.24721592664718636,-0.4715541601181031,-0.8464755415916443,0,-0.741598010063171,-0.6543313860893247,0.1479284763336182,0,-0.6236318349838256,0.5911743640899658,-0.5114648342132567,0,-145892986233.15714,-15684999835.684877,-1065702265.5386913,1}
camera 88.1668 1.26538 756436752.335 14366162.1210938 4830999.9589138 1423262.1532111 -0.1497135 -0.6548260 -0.3838592 -0.6335937 0.00141230341978371 - ISS
# {0.24721592664718636,-0.4715541601181031,-0.8464755415916443,0,-0.741598010063171,-0.6543313860893247,0.1479284763336182,0,-0.6236318349838256,0.5911743640899658,-0.5114648342132567,0,-145892986233.15714,-15684999835.684877,-1065702265.5386913,1}
camera 88.1836 1.28222 756436752.351 14385961.9127808 4761429.9616985 1457303.8164461 -0.1512401 -0.6536214 -0.3828835 -0.6350635 0.00141230341978371 - ISS
# {0.24721592664718636,-0.4715541601181031,-0.8464755415916443,0,-0.741598010063171,-0.6543313860893247,0.1479284763336182,0,-0.6236318349838256,0.5911743640899658,-0.5114648342132567,0,-145892986233.15714,-15684999835.684877,-1065702265.5386913,1}
camera 88.2002 1.29879 756436752.368 14405608.7314758 4690843.2255650 1491736.1556461 -0.1527850 -0.6523970 -0.3818927 -0.6365476 0.00141230341978371 - ISS
# {0.24721592664718636,-0.4715541601181031,-0.8464755415916443,0,-0.741598010063171,-0.6543313860893247,0.1479284763336182,0,-0.6236318349838256,0.5911743640899658,-0.5114648342132567,0,-145892986233.15714,-15684999835.684877,-1065702265.5386913,1}
camera 88.2185 1.31705 756436752.384 14423672.0293884 4624494.3439598 1524003.6420233 -0.1542335 -0.6512440 -0.3809605 -0.6379359 0.00141230341978371 - ISS
# {0.24721592664718636,-0.4715541601181031,-0.8464755415916443,0,-0.741598010063171,-0.6543313860893247,0.1479284763336182,0,-0.6236318349838256,0.5911743640899658,-0.5114648342132567,0,-145892986233.15714,-15684999835.684877,-1065702265.5386913,1}
camera 88.2337 1.33232 756436752.403 14442752.9920349 4552799.8952045 1558765.2082834 -0.1557949 -0.6499959 -0.3799525 -0.6394290 0.00141230341978371 - ISS
# {0.24721592664718636,-0.4715541601181031,-0.8464755415916443,0,-0.741598010063171,-0.6543313860893247,0.1479284763336182,0,-0.6236318349838256,0.5911743640899658,-0.5114648342132567,0,-145892986233.15714,-15684999835.684877,-1065702265.5386913,1}
camera 88.2503 1.34891 756436752.418 14457702.6869812 4495403.3800087 1586515.4633090 -0.1570418 -0.6489949 -0.3791446 -0.6406191 0.00141230341978371 - ISS
# {0.24721592664718636,-0.4715541601181031,-0.8464755415916443,0,-0.741598010063171,-0.6543313860893247,0.1479284763336182,0,-0.6236318349838256,0.5911743640899658,-0.5114648342132567,0,-145892986233.15714,-15684999835.684877,-1065702265.5386913,1}
camera 88.2677 1.36625 756436752.435 14473206.4948120 4434673.4852390 1615801.5617895 -0.1583584 -0.6479342 -0.3782892 -0.6418732 0.00141230341978371 - ISS
# {0.24721592664718636,-0.4715541601181031,-0.8464755415916443,0,-0.741598010063171,-0.6543313860893247,0.1479284763336182,0,-0.6236318349838256,0.5911743640899658,-0.5114648342132567,0,-145892986233.15714,-15684999835.684877,-1065702265.5386913,1}
camera 88.2836 1.38223 756436752.452 14488416.1575012 4373832.8857288 1645063.2157673 -0.1596746 -0.6468697 -0.3774316 -0.6431243 0.00141230341978371 - ISS
# {0.24721592664718636,-0.4715541601181031,-0.8464755415916443,0,-0.741598010063171,-0.6543313860893247,0.1479284763336182,0,-0.6236318349838256,0.5911743640899658,-0.5114648342132567,0,-145892986233.15714,-15684999835.684877,-1065702265.5386913,1}
camera 88.3001 1.39865 756436752.468 14501844.6090088 4319016.7250652 1671360.9167933 -0.1608580 -0.6459092 -0.3766583 -0.6442472 0.00141230341978371 - ISS
# {0.24721592664718636,-0.4715541601181031,-0.8464755415916443,0,-0.741598010063171,-0.6543313860893247,0.1479284763336182,0,-0.6236318349838256,0.5911743640899658,-0.5114648342132567,0,-145892986233.15714,-15684999835.684877,-1065702265.5386913,1}
camera 88.3171 1.41565 756436752.484 14514855.6233215 4264863.4026680 1697279.0695465 -0.1620249 -0.6449589 -0.3758937 -0.6453525 0.00141230341978371 - ISS
# {0.24721592664718636,-0.4715541601181031,-0.8464755415916443,0,-0.741598010063171,-0.6543313860893247,0.1479284763336182,0,-0.6236318349838256,0.5911743640899658,-0.5114648342132567,0,-145892986233.15714,-15684999835.684877,-1065702265.5386913,1}
camera 88.334 1.43257 756436752.501 14527827.9939575 4209793.0557098 1723573.6292516 -0.1632093 -0.6439911 -0.3751157 -0.6464723 0.00141230341978371 - ISS
# {0.24721592664718636,-0.4715541601181031,-0.8464755415916443,0,-0.741598010063171,-0.6543313860893247,0.1479284763336182,0,-0.6236318349838256,0.5911743640899658,-0.5114648342132567,0,-145892986233.15714,-15684999835.684877,-1065702265.5386913,1}
camera 88.3506 1.44921 756436752.518 14539871.8930969 4157646.2432632 1748414.3952755 0.1643288 0.6430733 0.3743784 0.6475288 0.00141230341978371 - ISS
# {0.24721592664718636,-0.4715541601181031,-0.8464755415916443,0,-0.741598010063171,-0.6543313860893247,0.1479284763336182,0,-0.6236318349838256,0.5911743640899658,-0.5114648342132567,0,-145892986233.15714,-15684999835.684877,-1065702265.5386913,1}
camera 88.3668 1.46536 756436752.535 14551169.9870911 4107787.5129242 1772112.7516367 0.1653973 0.6421946 0.3736729 0.6485356 0.00141230341978371 - ISS
# {0.24721592664718636,-0.4715541601181031,-0.8464755415916443,0,-0.741598010063171,-0.6543313860893247,0.1479284763336182,0,-0.6236318349838256,0.5911743640899658,-0.5114648342132567,0,-145892986233.15714,-15684999835.684877,-1065702265.5386913,1}
camera 88.3839 1.48244 756436752.551 14561635.8013306 4060744.8695221 1794425.7418429 0.1664038 0.6413643 0.3730068 0.6494825 0.00141230341978371 - ISS
# {0.24721592664718636,-0.4715541601181031,-0.8464755415916443,0,-0.741598010063171,-0.6543313860893247,0.1479284763336182,0,-0.6236318349838256,0.5911743640899658,-0.5114648342132567,0,-145892986233.15714,-15684999835.684877,-1065702265.5386913,1}
camera 88.4008 1.49935 756436752.568 14572262.3092957 4012091.4942570 1817455.0557976 0.1674431 0.6405046 0.3723174 0.6504586 0.00141230341978371 - ISS
# {0.24721592664718636,-0.4715541601181031,-0.8464755415916443,0,-0.741598010063171,-0.6543313860893247,0.1479284763336182,0,-0.6236318349838256,0.5911743640899658,-0.5114648342132567,0,-145892986233.15714,-15684999835.684877,-1065702265.5386913,1}
camera 88.4179 1.51644 756436752.585 14582048.8078308 3966450.2257862 1839014.6877252 0.1684166 0.6396970 0.3716702 0.6513715 0.00141230341978371 - ISS
# {0.24721592664718636,-0.4715541601181031,-0.8464755415916443,0,-0.741598010063171,-0.6543313860893247,0.1479284763336182,0,-0.6236318349838256,0.5911743640899658,-0.5114648342132567,0,-145892986233.15714,-15684999835.684877,-1065702265.5386913,1}
camera 88.4339 1.5325 756436752.602 14591529.7599792 3921430.8485394 1860239.0203880 0.1693753 0.6388994 0.3710315 0.6522692 0.00141230341978371 - ISS
# {0.24721592664718636,-0.4715541601181031,-0.8464755415916443,0,-0.741598010063171,-0.6543313860893247,0.1479284763336182,0,-0.6236318349838256,0.5911743640899658,-0.5114648342132567,0,-145892986233.15714,-15684999835.684877,-1065702265.5386913,1}
camera 88.4508 1.54938 756436752.618 14599981.8665466 3880596.5053291 1879454.7369255 0.1702437 0.6381751 0.3704517 0.6530812 0.00141230341978371 - ISS
# {0.24721592664718636,-0.4715541601181031,-0.8464755415916443,0,-0.741598010063171,-0.6543313860893247,0.1479284763336182,0,-0.6236318349838256,0.5911743640899658,-0.5114648342132567,0,-145892986233.15714,-15684999835.684877,-1065702265.5386913,1}
camera 88.4673 1.56588 756436752.635 14608469.2748413 3838893.8959084 1899044.2203025 0.1711294 0.6374346 0.3698593 0.6539082 0.00141230341978371 - ISS
# {0.24721592664718636,-0.4715541601181031,-0.8464755415916443,0,-0.741598010063171,-0.6543313860893247,0.1479284763336182,0,-0.6236318349838256,0.5911743640899658,-0.5114648342132567,0,-145892986233.15714,-15684999835.684877,-1065702265.5386913,1}
camera 88.484 1.58257 756436752.651 14616338.0013428 3799576.1341248 1917481.2855711 0.1719633 0.6367357 0.3693003 0.6546859 0.00141230341978371 - ISS
# {0.24721592664718636,-0.4715541601181031,-0.8464755415916443,0,-0.741598010063171,-0.6543313860893247,0.1479284763336182,0,-0.6236318349838256,0.5911743640899658,-0.5114648342132567,0,-145892986233.15714,-15684999835.684877,-1065702265.5386913,1}
camera 88.5014 1.60003 756436752.668 14623932.5842590 3761001.4397163 1935539.6638492 0.1727804 0.6360492 0.3687517 0.6554469 0.00141230341978371 - ISS
# {0.24721592664718636,-0.4715541601181031,-0.8464755415916443,0,-0.741598010063171,-0.6543313860893247,0.1479284763336182,0,-0.6236318349838256,0.5911743640899658,-0.5114648342132567,0,-145892986233.15714,-15684999835.684877,-1065702265.5386913,1}
camera 88.5172 1.61575 756436752.686 14631475.0919189 3722052.5446930 1953742.9047488 0.1736045 0.6353552 0.3681974 0.6562133 0.00141230341978371 - ISS
# {0.24721592664718636,-0.4715541601181031,-0.8464755415916443,0,-0.741598010063171,-0.6543313860893247,0.1479284763336182,0,-0.6236318349838256,0.5911743640899658,-0.5114648342132567,0,-145892986233.15714,-15684999835.684877,-1065702265.5386913,1}
camera 88.5343 1.63292 756436752.701 14637925.8546143 3688212.8235931 1969533.6228166 0.1743196 0.6347517 0.3677154 0.6568776 0.00141230341978371 - ISS
